[[1.55816029e-01 4.11629131e-06 2.86261381e-08 ... 1.95286002e-03
  1.59967047e-01 5.22909381e-01]
 [3.49651708e-01 3.63155123e-15 5.69635080e-24 ... 4.97925816e-04
  2.42940021e-01 2.39963804e-01]
 [5.85015456e-06 4.34565529e-32 5.85139132e-49 ... 3.75664473e-05
  1.86915180e-02 5.65877545e-03]
 ...
 [7.87246120e-07 2.73023245e-01 7.26974771e-01 ... 5.35829740e-07
  8.67241721e-09 6.52202827e-07]
 [1.88070201e-06 1.82650523e-04 9.99812576e-01 ... 2.82606239e-06
  3.32709654e-09 6.31556259e-08]
 [1.75176623e-07 1.82503289e-05 9.99981546e-01 ... 2.78017529e-08
  1.01615156e-11 2.71153784e-10]]